% The operators were originally constructed in the following paper
% @article{Mattsson2012,
% Author={K. Mattsson},
% Title={Summation by parts operators for finite difference approximations of second--derivatives with variable coefficient},
% Journal={J. Sci. Comput.},
% Volume={51},
% Year={2012},
% Pages={650--682},
% }
function [H,D2,S] = SBP_variable_4(N,h,c)

M = 78+(N-12)*5;


U = [48/(17)*(0.12e2 / 0.17e2 * c(1) + 0.59e2 / 0.192e3 * c(2) + 0.27010400129e11 / 0.345067064608e12 * c(3) + 0.69462376031e11 / 0.2070402387648e13 * c(4)) 48/(17)*(-0.59e2 / 0.68e2 * c(1) - 0.6025413881e10 / 0.21126554976e11 * c(3) - 0.537416663e9 / 0.7042184992e10 * c(4)) 48/(17)*(0.2e1 / 0.17e2 * c(1) - 0.59e2 / 0.192e3 * c(2) + 0.213318005e9 / 0.16049630912e11 * c(4) + 0.2083938599e10 / 0.8024815456e10 * c(3)) 48/(17)*(0.3e1 / 0.68e2 * c(1) - 0.1244724001e10 / 0.21126554976e11 * c(3) + 0.752806667e9 / 0.21126554976e11 * c(4)) 48/(17)*(0.49579087e8 / 0.10149031312e11 * c(3) - 0.49579087e8 / 0.10149031312e11 * c(4)) 48/(17)*(-c(4) / 0.784e3 + c(3) / 0.784e3);...
    48/(59)*(-0.59e2 / 0.68e2 * c(1) - 0.6025413881e10 / 0.21126554976e11 * c(3) - 0.537416663e9 / 0.7042184992e10 * c(4)) 48/(59)*(0.3481e4 / 0.3264e4 * c(1) + 0.9258282831623875e16 / 0.7669235228057664e16 * c(3) + 0.236024329996203e15 / 0.1278205871342944e16 * c(4)) 48/(59)*(-0.59e2 / 0.408e3 * c(1) - 0.29294615794607e14 / 0.29725717938208e14 * c(3) - 0.2944673881023e13 / 0.29725717938208e14 * c(4)) 48/(59)*(-0.59e2 / 0.1088e4 * c(1) + 0.260297319232891e15 / 0.2556411742685888e16 * c(3) - 0.60834186813841e14 / 0.1278205871342944e16 * c(4)) 48/(59)*(-0.1328188692663e13 / 0.37594290333616e14 * c(3) + 0.1328188692663e13 / 0.37594290333616e14 * c(4)) 48/(59)*(-0.8673e4 / 0.2904112e7 * c(3) + 0.8673e4 / 0.2904112e7 * c(4));...
    48/(43)*(0.2e1 / 0.17e2 * c(1) - 0.59e2 / 0.192e3 * c(2) + 0.213318005e9 / 0.16049630912e11 * c(4) + 0.2083938599e10 / 0.8024815456e10 * c(3)) 48/(43)*(-0.59e2 / 0.408e3 * c(1) - 0.29294615794607e14 / 0.29725717938208e14 * c(3) - 0.2944673881023e13 / 0.29725717938208e14 * c(4)) 48/(43)*(c(1) / 0.51e2 + 0.59e2 / 0.192e3 * c(2) + 0.13777050223300597e17 / 0.26218083221499456e17 * c(4) + 0.564461e6 / 0.13384296e8 * c(5) + 0.378288882302546512209e21 / 0.270764341349677687456e21 * c(3)) 48/(43)*(c(1) / 0.136e3 - 0.125059e6 / 0.743572e6 * c(5) - 0.4836340090442187227e19 / 0.5525802884687299744e19 * c(3) - 0.17220493277981e14 / 0.89177153814624e14 * c(4)) 48/(43)*(-0.10532412077335e14 / 0.42840005263888e14 * c(4) + 0.1613976761032884305e19 / 0.7963657098519931984e19 * c(3) + 0.564461e6 / 0.4461432e7 * c(5)) 48/(43)*(-0.960119e6 / 0.1280713392e10 * c(4) - 0.3391e4 / 0.6692148e7 * c(5) + 0.33235054191e11 / 0.26452850508784e14 * c(3));...
    48/(49)*(0.3e1 / 0.68e2 * c(1) - 0.1244724001e10 / 0.21126554976e11 * c(3) + 0.752806667e9 / 0.21126554976e11 * c(4)) 48/(49)*(-0.59e2 / 0.1088e4 * c(1) + 0.260297319232891e15 / 0.2556411742685888e16 * c(3) - 0.60834186813841e14 / 0.1278205871342944e16 * c(4)) 48/(49)*(c(1) / 0.136e3 - 0.125059e6 / 0.743572e6 * c(5) - 0.4836340090442187227e19 / 0.5525802884687299744e19 * c(3) - 0.17220493277981e14 / 0.89177153814624e14 * c(4)) 48/(49)*(0.3e1 / 0.1088e4 * c(1) + 0.507284006600757858213e21 / 0.475219048083107777984e21 * c(3) + 0.1869103e7 / 0.2230716e7 * c(5) + c(6) / 0.24e2 + 0.1950062198436997e16 / 0.3834617614028832e16 * c(4)) 48/(49)*(-0.4959271814984644613e19 / 0.20965546238960637264e20 * c(3) - c(6) / 0.6e1 - 0.15998714909649e14 / 0.37594290333616e14 * c(4) - 0.375177e6 / 0.743572e6 * c(5)) 48/(49)*(-0.368395e6 / 0.2230716e7 * c(5) + 0.752806667e9 / 0.539854092016e12 * c(3) + 0.1063649e7 / 0.8712336e7 * c(4) + c(6) / 0.8e1);...
    0.49579087e8 / 0.10149031312e11 * c(3) - 0.49579087e8 / 0.10149031312e11 * c(4) -0.1328188692663e13 / 0.37594290333616e14 * c(3) + 0.1328188692663e13 / 0.37594290333616e14 * c(4) -0.10532412077335e14 / 0.42840005263888e14 * c(4) + 0.1613976761032884305e19 / 0.7963657098519931984e19 * c(3) + 0.564461e6 / 0.4461432e7 * c(5) -0.4959271814984644613e19 / 0.20965546238960637264e20 * c(3) - c(6) / 0.6e1 - 0.15998714909649e14 / 0.37594290333616e14 * c(4) - 0.375177e6 / 0.743572e6 * c(5) 0.8386761355510099813e19 / 0.128413970713633903242e21 * c(3) + 0.2224717261773437e16 / 0.2763180339520776e16 * c(4) + 0.5e1 / 0.6e1 * c(6) + c(7) / 0.24e2 + 0.280535e6 / 0.371786e6 * c(5) -0.35039615e8 / 0.213452232e9 * c(4) - c(7) / 0.6e1 - 0.13091810925e11 / 0.13226425254392e14 * c(3) - 0.1118749e7 / 0.2230716e7 * c(5) - c(6) / 0.2e1;...
    -c(4) / 0.784e3 + c(3) / 0.784e3 -0.8673e4 / 0.2904112e7 * c(3) + 0.8673e4 / 0.2904112e7 * c(4) -0.960119e6 / 0.1280713392e10 * c(4) - 0.3391e4 / 0.6692148e7 * c(5) + 0.33235054191e11 / 0.26452850508784e14 * c(3) -0.368395e6 / 0.2230716e7 * c(5) + 0.752806667e9 / 0.539854092016e12 * c(3) + 0.1063649e7 / 0.8712336e7 * c(4) + c(6) / 0.8e1 -0.35039615e8 / 0.213452232e9 * c(4) - c(7) / 0.6e1 - 0.13091810925e11 / 0.13226425254392e14 * c(3) - 0.1118749e7 / 0.2230716e7 * c(5) - c(6) / 0.2e1 0.3290636e7 / 0.80044587e8 * c(4) + 0.5580181e7 / 0.6692148e7 * c(5) + 0.5e1 / 0.6e1 * c(7) + c(8) / 0.24e2 + 0.660204843e9 / 0.13226425254392e14 * c(3) + 0.3e1 / 0.4e1 * c(6)];


